0.092000
0.504000
0.980000
1.456000
1.932000
2.412000
2.888000
3.364000
3.840000
4.316000
4.792000
5.268000
5.744000
6.220000
6.696000
7.172000
7.648000
8.128000
8.604000
9.080000
9.552000
10.036000
10.512000
10.984000
11.464000
11.936000
12.412000
12.888000
13.364000
13.840000
14.316000
14.796000
15.272000
15.748000
16.224000
16.696000
17.172000
17.652000
18.124000
18.604000
19.080000
19.560000
20.036000
20.512000
20.984000
21.460000
21.936000
22.412000
22.888000
23.364000
23.840000
24.316000
24.796000
25.272000
25.752000
26.228000
26.696000
27.172000
27.652000
28.128000
28.604000
29.080000
29.556000
30.032000
30.512000
30.984000
31.464000
31.936000
32.412000
32.888000
33.364000
33.844000
34.324000
34.796000
35.276000
35.752000
36.228000
36.708000
37.184000
37.656000
38.132000
38.608000
39.084000
39.560000
40.032000
40.512000
40.992000
41.472000
41.992000
42.564000
43.040000
43.520000
43.996000
44.468000
44.948000
45.424000
45.900000
46.376000
46.856000
47.328000
47.804000
48.280000
48.760000
49.236000
49.712000
50.188000
50.664000
51.140000
51.616000
52.088000
52.564000
53.040000
53.516000
53.992000
54.472000
54.944000
55.424000
55.900000
56.376000
56.852000
57.328000
57.804000
58.280000
58.756000
59.232000
59.708000
60.188000
60.660000
61.136000
61.616000
62.088000
62.568000
63.040000
63.520000
63.996000
64.472000
64.948000
65.424000
65.900000
66.376000
66.852000
67.328000
67.804000
68.284000
68.756000
69.232000
69.708000
70.184000
70.660000
71.140000
71.616000
72.092000
72.568000
73.040000
73.516000
73.992000
74.468000
74.944000
75.420000
75.896000
76.372000
76.848000
77.324000
77.800000
78.276000
78.752000
79.228000
79.704000
80.184000
80.660000
81.136000
81.612000
82.088000
82.560000
83.040000
83.516000
83.992000
84.468000
84.944000
85.420000
85.896000
86.372000
86.848000
87.324000
87.800000
88.276000
88.752000
89.228000
89.704000
90.180000
90.656000
91.132000
91.612000
92.084000
92.560000
93.036000
93.516000
93.992000
94.468000
94.944000
95.420000
95.896000
96.372000
96.848000
97.324000
97.800000
98.276000
98.756000
99.232000
99.704000
100.180000
100.656000
101.136000
101.612000
102.088000
102.564000
103.040000
103.516000
103.992000
104.468000
104.944000
105.420000
105.896000
106.372000
106.848000
107.324000
107.800000
108.276000
108.752000
109.228000
109.708000
110.184000
110.660000
111.136000
111.612000
112.088000
112.568000
113.044000
113.520000
113.996000
114.472000
114.948000
115.424000
115.896000
116.372000
116.848000
117.320000
117.792000
118.272000
118.756000
119.232000
119.712000
120.188000
120.660000
121.140000
121.616000
122.092000
122.568000
123.044000
123.520000
123.996000
124.472000
124.948000
125.420000
125.900000
126.376000
126.852000
127.332000
127.808000
128.284000
128.756000
129.236000
129.716000
130.184000
130.660000
131.136000
131.616000
132.092000
132.568000
133.044000
133.520000
133.996000
134.472000
134.948000
135.424000
135.900000
136.376000
136.852000
137.328000
137.800000
138.280000
138.760000
139.232000
139.708000
140.184000
140.664000
141.140000
141.616000
142.088000
142.568000
143.044000
143.520000
143.996000
144.472000
144.948000
145.424000
145.900000
146.376000
146.852000
147.328000
147.808000
148.284000
148.756000
149.232000
149.708000
150.180000
150.656000
151.132000
151.612000
152.088000
152.564000
153.036000
153.512000
153.988000
154.464000
154.944000
155.420000
155.896000
156.372000
156.848000
157.324000
157.800000
158.276000
158.752000
159.228000
159.704000
160.184000
160.660000
161.136000
161.608000
162.084000
162.560000
163.040000
163.516000
163.992000
164.468000
164.944000
165.420000
165.900000
166.372000
166.852000
167.324000
167.800000
168.280000
168.760000
169.268000
169.748000
170.228000
170.704000
171.180000
171.664000
172.140000
172.616000
173.100000
173.572000
174.048000
174.528000
175.000000
175.468000
175.952000
176.420000
176.904000
177.376000
177.852000
178.328000
178.808000
179.284000
179.764000
180.244000
180.724000
181.184000
181.608000
182.028000
182.460000
182.928000
183.408000
183.880000
184.360000
184.844000
185.320000
185.796000
186.264000
186.748000
187.220000
187.692000
188.168000
188.644000
189.120000
189.600000
190.076000
190.548000
191.024000
191.500000
191.972000
192.456000
192.932000
193.408000
193.884000
194.360000
194.828000
195.312000
195.780000
196.264000
196.744000
197.216000
197.696000
198.168000
198.644000
199.116000
199.596000
200.076000
200.552000
201.024000
201.496000
201.968000
202.452000
202.932000
203.408000
203.892000
204.356000
204.844000
205.312000
205.788000
206.260000
206.736000
207.212000
207.700000
208.164000
208.640000
209.120000
209.596000
210.072000
210.548000
211.028000
211.516000
211.980000
212.456000
212.928000
213.400000
213.868000
214.352000
214.844000
215.328000
215.812000
216.288000
216.768000
217.256000
217.744000
218.220000
218.704000
219.188000
219.660000
220.108000
220.564000
221.020000
221.476000
221.948000
222.412000
222.876000
223.336000
223.784000
224.260000
224.724000
225.208000
225.672000
226.144000
226.620000
227.092000
227.564000
228.032000
228.500000
228.980000
229.452000
229.928000
230.400000
230.880000
231.348000
231.832000
232.296000
232.772000
233.236000
233.708000
234.188000
234.668000
