0.096000
0.740000
1.396000
2.040000
2.688000
3.336000
3.988000
4.636000
5.284000
5.932000
6.584000
7.228000
7.876000
8.524000
9.176000
9.824000
10.472000
11.124000
11.768000
12.420000
13.072000
13.720000
14.376000
15.016000
15.664000
16.312000
16.972000
17.608000
18.252000
18.904000
19.576000
20.204000
20.852000
21.504000
22.156000
22.796000
23.444000
24.096000
24.744000
25.368000
26.040000
26.692000
27.340000
27.984000
28.632000
29.284000
29.936000
30.584000
31.220000
31.876000
32.528000
33.184000
33.836000
34.476000
35.120000
35.776000
36.432000
37.072000
37.716000
38.368000
39.020000
39.664000
40.320000
40.968000
41.612000
42.256000
42.908000
43.564000
44.216000
44.852000
45.504000
46.152000
46.804000
47.444000
48.092000
48.736000
49.388000
50.036000
50.688000
51.340000
52.000000
52.636000
53.296000
53.932000
54.560000
55.208000
55.844000
56.512000
57.160000
57.824000
58.480000
59.120000
59.740000
60.396000
61.032000
61.708000
62.352000
63.008000
63.664000
64.308000
64.944000
65.588000
66.240000
66.896000
67.544000
68.200000
68.856000
69.500000
70.124000
70.776000
71.420000
72.088000
72.744000
73.396000
74.040000
74.692000
75.340000
75.988000
76.632000
77.280000
77.928000
78.580000
79.228000
79.880000
80.536000
81.180000
81.832000
82.480000
83.128000
83.776000
84.424000
85.072000
85.716000
86.368000
87.012000
87.664000
88.328000
88.960000
89.612000
90.260000
90.912000
91.556000
92.212000
92.856000
93.508000
94.148000
94.800000
95.460000
96.112000
96.744000
97.388000
98.044000
98.696000
99.340000
99.988000
100.636000
101.292000
101.932000
102.592000
103.236000
103.884000
104.532000
105.180000
105.836000
106.480000
107.128000
107.772000
108.432000
109.076000
109.716000
110.364000
111.004000
111.660000
112.308000
112.960000
113.608000
114.260000
114.900000
115.552000
116.200000
116.844000
117.500000
118.140000
118.792000
119.440000
120.096000
120.748000
121.392000
122.040000
122.684000
123.320000
123.984000
124.652000
125.288000
125.944000
126.584000
127.232000
127.876000
128.512000
129.172000
129.824000
130.472000
131.128000
131.772000
132.408000
133.060000
133.700000
134.360000
134.980000
135.572000
136.180000
136.824000
137.500000
138.092000
138.760000
139.332000
139.892000
140.540000
141.176000
141.776000
142.428000
143.088000
143.736000
144.408000
145.072000
145.724000
146.348000
147.008000
147.660000
148.332000
148.968000
149.624000
150.304000
150.912000
151.560000
152.208000
152.856000
153.508000
154.160000
154.808000
155.440000
156.092000
156.740000
157.392000
158.040000
158.692000
159.340000
159.988000
160.640000
161.284000
161.936000
162.580000
163.228000
163.880000
164.524000
165.172000
165.808000
166.472000
167.124000
167.772000
168.420000
169.072000
169.720000
170.368000
171.012000
171.664000
172.312000
172.976000
173.712000
174.436000
175.148000
175.876000
176.540000
177.172000
177.824000
178.472000
179.120000
179.764000
180.416000
181.068000
181.720000
182.368000
183.020000
183.664000
184.316000
184.960000
185.624000
186.256000
186.908000
187.556000
188.208000
188.852000
189.500000
190.144000
190.792000
191.436000
192.104000
192.744000
193.396000
194.044000
194.684000
195.336000
195.980000
196.632000
197.296000
197.936000
198.580000
199.232000
199.888000
200.528000
201.180000
201.824000
202.476000
203.124000
203.776000
204.420000
205.072000
205.716000
206.372000
207.012000
207.664000
208.316000
208.968000
209.612000
210.264000
210.908000
211.560000
212.204000
212.852000
213.500000
214.152000
214.800000
215.452000
216.096000
216.752000
217.392000
218.048000
218.700000
219.348000
219.996000
220.640000
221.292000
221.944000
222.584000
223.236000
223.888000
224.544000
225.184000
225.832000
226.472000
227.128000
227.768000
228.432000
229.084000
229.728000
230.376000
231.020000
231.676000
232.328000
232.956000
233.612000
234.268000
234.924000
235.564000
236.212000
236.848000
237.504000
238.140000
238.792000
239.436000
240.088000
240.724000
241.376000
