version: 1
npoints: 68
{
518.905 429.532
518.492 458.313
520.157 487.53
524.474 515.99
535.042 540.39
553.097 560.557
576.52 574.924
603.066 586.135
632.458 589.406
660.923 586.322
685.174 574.403
706.97 557.029
723.505 534.325
733.234 506.815
737.309 478.135
739.161 449.995
739.3 421.839
538.275 386.947
554.135 372.559
574.484 366.623
595.613 366.473
614.793 372.031
656.832 370.301
676.085 363.517
695.419 363.919
713.754 370.909
726.027 385.52
636.047 397.365
636.841 414.822
637.796 432.083
638.721 450.167
612.753 470.383
624.717 473.544
636.693 476.421
648.206 473.509
658.485 470.903
562.731 408.507
575.973 399.565
591.478 399.673
604.511 409.061
590.883 411.386
575.434 411.88
662.945 408.633
677.146 398.751
692.032 398.841
703.856 407.325
693.355 410.775
678.684 410.937
581.227 504.361
604.617 500.086
624.58 497.769
636.023 500.168
649.246 497.577
666.8 499.843
684.764 503.013
666.86 517.242
649.572 522.446
635.662 523.687
623.09 522.892
602.96 517.866
587.896 505.795
624.027 506.242
635.779 507.365
649.138 505.757
678.729 504.632
648.78 510.209
635.374 511.388
623.351 510.56
}
pose: eul_x, eul_y, eul_z: 
{
-0.198989 -0.0411493 -0.0023495
}
gaze: dir_x_1, dir_y_1, dir_z_1, dir_x_2, dir_y_2, dir_z_2: 
{
0 0 -1 0 0 -1
}
au intensities: 17
{
AU01 0.941028
AU02 0.87395
AU04 0
AU05 1.38369
AU06 0.685572
AU07 0
AU09 0
AU10 0.643111
AU12 1.68894
AU14 1.55313
AU15 0
AU17 0.651611
AU20 0.622048
AU23 1.03396
AU25 0
AU26 0
AU45 0.269628
}
au occurences: 18
{
AU01 0
AU02 1
AU04 0
AU05 1
AU06 1
AU07 0
AU09 0
AU10 1
AU12 1
AU14 1
AU15 0
AU17 1
AU20 0
AU23 0
AU25 0
AU26 0
AU28 1
AU45 0
}
